74
79
89
93
98
100
103
107
143
145
148
152
155
157
160
172
176
186
228
246
247
265
272
277
286
338
349
350
359
384
385
386
387
388
389
397
399
413
416
433
457
478
480
488
508
511
528
547
548
572
577
585
595
604
607
612
646
662
674
689
698
711
713
724
726
728
741
747
756
765
780
783
808
820
834
842
852
872
875
885
896
898
906
933
955
967
994
1004
1012
1051
1061
1094
1100
1117
1134
1164
1171
1176
1198
1203
1232
1264
1283
1285
1289
1300
1311
1330
1338
1344
1367
1371
1389
1394
1409
1410
1436
1453
1469
1473
1484
1485
1487
1491
1501
1513
1514
1521
1527
1537
1546
1558
1567
1572
1579
1626
1628
1636
1680
1693
1695
1706
1714
1723
1748
1753
1762
1774
1786
1794
1805
1813
1821
1828
1846
1894
1899
1903
1915
1927
1935
1941
1945
1968
1973
1978
1991
1998
2006
2011
2030
2042
2066
2070
2093
2110
2114
2138
2152
2196
2215
2221
2235
2240
2256
2260
2271
2276
2284
2289
2295
2310
2322
2332
2345
2376
2402
2411
2447
2473
2483
2490
2498
2507
2516
2527
2536
2560
2581
2653
2667
2727
2734
2751
2773
2792
2819
2837
2842
2863
2867
2882
2902
2910
2912
2935
2945
2954
2962
2978
2989
3001
3017
3032
3051
3070
3071
3092
3100
3123
3139
3157
3179
3191
3233
3235
3261
3277
3301
3308
3321
3354
3397
3419
3435
3452
3479
3516
3521
3533
3535
3539
3559
3582
3593
3617
3632
3638
3651
3680
3689
3697
3709
3721
3732
3744
3758
3764
3768
3786
3790
3800
3813
3820
3829
3842
3845
3861
3882
3886
3898
3905
3913
3925
3932
3947
3959
3965
3990
3994
4005
4016
4024
4025
4036
4043
4061
4070
4078
4103
4111
4115
4129
4139
4164
4169
4172
4221
4228
4232
4257
4265
4270
4271
4275
4280
4294
4317
4330
4344
4345
4359
4374
4388
4392
4401
4425
4439
4466
4471
4484
4495
4525
4541
4557
4571
4584
4591
4603
4641
4660
4679
4682
4693
4730
4770
4785
4793
4813
4837
4850
4853
4857
4863
4882
4892
4899
4903
4906
4919
4925
4929
4932
4940
4945
4957
4962
4977
4986
5003
5009
5013
5033
5057
5078
5090
5097
5104
5108
5119
5130
5141
5145
5157
5161
5174
5185
5190
5196
5200
5214
5229
5247
5254
5268
5275
5283
5290
5297
5321
5328
5334
5355
5369
5383
5388
5395
5424
5432
5435
5441
5446
5491
5493
5519
5529
5533
5543
5565
5569
5579
5589
5605
5612
5617
5629
5663
5668
5672
5684
5704
5714
5720
5722
5740
5756
5773
5777
5795
5805
5812
5821
5836
5846
5858
5876
5883
5923
5927
5940
5952
5961
5967
5975
5978
5997
6016
6024
6031
6039
6042
6072
6084
6092
6098
6110
6115
6131
6140
6147
6166
6169
6222
6226
6239
6243
6263
6265
6296
6306
6324
6333
6359
6367
6399
6413
6429
6477
6500
6521
6525
6532
6541
6554
6603
6606
6610
6624
6635
6646
6648
6665
6671
6679
6684
6695
6715
6721
6736
6744
6757
6768
6775
6782
6808
6824
6825
6841
6849
6852
6862
6869
6871
6886
6893
6912
6915
6926
6937
6956
6965
6985
6988
6997
7002
7035
7052
7059
7063
7068
7083
7088
7093
7098
7111
7115
7118
7123
7129
7141
7152
7166
7169
7187
7194
7206
7213
7224
7228
7241
7243
7250
7258
7265
7271
7284
7305
7315
7325
7331
7338
7340
7351
7360
7370
7378
7395
7403
7412
7423
7435
7449
7454
7462
7474
7487
7491
7505
7519
7524
7575
7590
7600
7619
7630
7639
7647
7655
7665
7669
7674
7685
7690
7704
7714
7719
7739
7757
7764
7774
7782
7784
7793
7801
7808
7832
7847
7871
7885
8069
8084
8103
8121
8136
8150
8171
8200
8208
8212
8226
8231
8246
8249
8259
8267
8271
8275
8337
8356
8357
8385
8394
8415
8446
8453
8458
8473
8475
8484
8490
8498
8503
8520
8527
8534
8538
8546
8553
8557
8565
8581
8591
8598
8606
8618
8623
8648
8657
8676
8682
8686
8696
8714
8728
8738
8827
8832
8889
8917
8925
8938
8941
8977
9003
9015
9022
9035
9043
9050
9063
9071
9085
9100
9111
9120
9128
9138
9153
9166
9175
9188
9206
9215
9228
9235
9242
9246
9271
9276
9286
9301
9308
9335
